 1203  235  239
    0    0    0  200  218   57
  200    0    0  200  218   57
  400    0    0  200  218   57
  600    0    0  200  218   57
  800    0    0  200  218   57
 1000    0    0  200  218   57
    0    0   57  200  218   57
  200    0   57  200  218   57
  400    0   57  200  218   57
  600    0   57  200  218   57
  800    0   57  200  218   57
 1000    0   57  200  218   57
    0    0  114  200  218   57
  200    0  114  200  218   57
  400    0  114  200  218   57
  600    0  114  200  218   57
  800    0  114  200  218   57
 1000    0  114  200  218   57
    0    0  171  200  218   57
  200    0  171  200  218   57
  400    0  171  200  218   57
  600    0  171  200  218   57
  800    0  171  200  218   57
 1000    0  171  200  218   57
